WP_010953300.1	GEZ41657	85.950	121	31	1.66e-60	220	118510
WP_010953300.1	CAM6098585	35.714	392	97	4.48e-52	190	362796
WP_010953300.1	KAG0578176	33.602	372	92	1.40e-43	166	3225
WP_010953300.1	KAG0617624	33.602	372	92	1.51e-43	166	3225
WP_010953300.1	XRB15409	33.616	354	86	4.37e-39	150	41886
WP_010953300.1	KAG6548929	30.404	421	97	1.12e-38	152	56867
WP_010953300.1	XRB00819	31.579	418	98	2.40e-38	150	41880
WP_010953300.1	PTQ29397	30.000	450	97	3.98e-35	143	3197;1480154
WP_010953300.1	BFI31125	30.000	450	97	2.00e-34	141	1480154
WP_010953300.1	GHP06258	30.657	411	98	5.06e-34	137	41880
WP_010953300.1	WZN59516	31.415	417	97	9.46e-29	124	1461544
WP_010953300.1	XKU07318	31.084	415	97	1.62e-27	120	1461544
WP_010953300.1	GFD59934	81.333	75	19	1.07e-23	101	118510
WP_010953300.1	QDZ19383	29.524	420	97	2.63e-23	108	1764295
WP_010953300.1	GFD57939	68.182	44	11	9.79e-10	62.0	118510
WP_010953300.1	KAL6497758	27.434	113	24	0.48	42.4	79235
WP_010953300.1	KAL6517268	27.434	113	24	0.71	42.0	36748
WP_010953300.1	XP_068312088	30.769	104	26	1.7	40.4	23211
WP_010953300.1	KAB2614703	30.769	104	26	3.8	39.7	2448454
